1,1,1,1,1,8
2,1,1,2,1,7
3,1,1,3,1,6
4,1,1,4,1,5
5,1,1,5,1,4
6,1,1,6,1,3
7,1,1,7,1,2
8,1,1,8,1,1
9,2,1,1,1,7
10,2,1,2,1,6
11,2,1,3,1,5
12,2,1,4,1,4
13,2,1,5,1,3
14,2,1,6,1,2
15,2,1,7,1,1
16,2,1,9,-1,1
17,2,-1,1,1,9
18,3,1,1,1,6
19,3,1,2,1,5
20,3,1,3,1,4
21,3,1,4,1,3
22,3,1,5,1,2
23,3,1,6,1,1
24,3,1,8,-1,1
25,3,1,9,-1,2
26,3,-1,1,1,8
27,3,-1,2,1,9
28,4,1,1,1,5
29,4,1,2,1,4
30,4,1,3,1,3
31,4,1,4,1,2
32,4,1,5,1,1
33,4,1,7,-1,1
34,4,1,8,-1,2
35,4,1,9,-1,3
36,4,-1,1,1,7
37,4,-1,2,1,8
38,4,-1,3,1,9
39,5,1,1,1,4
40,5,1,2,1,3
41,5,1,3,1,2
42,5,1,4,1,1
43,5,1,6,-1,1
44,5,1,7,-1,2
45,5,1,8,-1,3
46,5,1,9,-1,4
47,5,-1,1,1,6
48,5,-1,2,1,7
49,5,-1,3,1,8
50,5,-1,4,1,9
51,6,1,1,1,3
52,6,1,2,1,2
53,6,1,3,1,1
54,6,1,5,-1,1
55,6,1,6,-1,2
56,6,1,7,-1,3
57,6,1,8,-1,4
58,6,1,9,-1,5
59,6,-1,1,1,5
60,6,-1,2,1,6
61,6,-1,3,1,7
62,6,-1,4,1,8
63,6,-1,5,1,9
64,7,1,1,1,2
65,7,1,2,1,1
66,7,1,4,-1,1
67,7,1,5,-1,2
68,7,1,6,-1,3
69,7,1,7,-1,4
70,7,1,8,-1,5
71,7,1,9,-1,6
72,7,-1,1,1,4
73,7,-1,2,1,5
74,7,-1,3,1,6
75,7,-1,4,1,7
76,7,-1,5,1,8
77,7,-1,6,1,9
78,8,1,1,1,1
79,8,1,3,-1,1
80,8,1,4,-1,2
81,8,1,5,-1,3
82,8,1,6,-1,4
83,8,1,7,-1,5
84,8,1,8,-1,6
85,8,1,9,-1,7
86,8,-1,1,1,3
87,8,-1,2,1,4
88,8,-1,3,1,5
89,8,-1,4,1,6
90,8,-1,5,1,7
91,8,-1,6,1,8
92,8,-1,7,1,9
93,9,1,2,-1,1
94,9,1,3,-1,2
95,9,1,4,-1,3
96,9,1,5,-1,4
97,9,1,6,-1,5
98,9,1,7,-1,6
99,9,1,8,-1,7
100,9,1,9,-1,8
101,9,-1,1,1,2
102,9,-1,2,1,3
103,9,-1,3,1,4
104,9,-1,4,1,5
105,9,-1,5,1,6
106,9,-1,6,1,7
107,9,-1,7,1,8
108,9,-1,8,1,9