1,7,1,1,1,1,1,1
2,9,-1,1,1,1,1,1
3,6,1,2,1,1,1,1
4,5,1,3,1,1,1,1
5,4,1,4,1,1,1,1
6,3,1,5,1,1,1,1
7,2,1,6,1,1,1,1
8,1,1,7,1,1,1,1
9,9,1,1,-1,1,1,1
10,8,1,2,-1,1,1,1
11,7,1,3,-1,1,1,1
12,6,1,4,-1,1,1,1
13,5,1,5,-1,1,1,1
14,4,1,6,-1,1,1,1
15,3,1,7,-1,1,1,1
16,2,1,8,-1,1,1,1
17,1,1,9,-1,1,1,1
18,6,1,1,1,2,1,1
19,8,-1,1,1,2,1,1
20,5,1,2,1,2,1,1
21,9,-1,2,1,2,1,1
22,4,1,3,1,2,1,1
23,3,1,4,1,2,1,1
24,2,1,5,1,2,1,1
25,1,1,6,1,2,1,1
26,9,1,2,-1,2,1,1
27,8,1,3,-1,2,1,1
28,7,1,4,-1,2,1,1
29,6,1,5,-1,2,1,1
30,5,1,6,-1,2,1,1
31,4,1,7,-1,2,1,1
32,3,1,8,-1,2,1,1
33,2,1,9,-1,2,1,1
34,5,1,1,1,3,1,1
35,7,-1,1,1,3,1,1
36,4,1,2,1,3,1,1
37,8,-1,2,1,3,1,1
38,3,1,3,1,3,1,1
39,9,-1,3,1,3,1,1
40,2,1,4,1,3,1,1
41,1,1,5,1,3,1,1
42,9,1,3,-1,3,1,1
43,8,1,4,-1,3,1,1
44,7,1,5,-1,3,1,1
45,6,1,6,-1,3,1,1
46,5,1,7,-1,3,1,1
47,4,1,8,-1,3,1,1
48,3,1,9,-1,3,1,1
49,4,1,1,1,4,1,1
50,6,-1,1,1,4,1,1
51,3,1,2,1,4,1,1
52,7,-1,2,1,4,1,1
53,2,1,3,1,4,1,1
54,8,-1,3,1,4,1,1
55,1,1,4,1,4,1,1
56,9,-1,4,1,4,1,1
57,9,1,4,-1,4,1,1
58,8,1,5,-1,4,1,1
59,7,1,6,-1,4,1,1
60,6,1,7,-1,4,1,1
61,5,1,8,-1,4,1,1
62,4,1,9,-1,4,1,1
63,3,1,1,1,5,1,1
64,5,-1,1,1,5,1,1
65,2,1,2,1,5,1,1
66,6,-1,2,1,5,1,1
67,1,1,3,1,5,1,1
68,7,-1,3,1,5,1,1
69,8,-1,4,1,5,1,1
70,9,-1,5,1,5,1,1
71,9,1,5,-1,5,1,1
72,8,1,6,-1,5,1,1
73,7,1,7,-1,5,1,1
74,6,1,8,-1,5,1,1
75,5,1,9,-1,5,1,1
76,2,1,1,1,6,1,1
77,4,-1,1,1,6,1,1
78,1,1,2,1,6,1,1
79,5,-1,2,1,6,1,1
80,6,-1,3,1,6,1,1
81,7,-1,4,1,6,1,1
82,8,-1,5,1,6,1,1
83,9,-1,6,1,6,1,1
84,9,1,6,-1,6,1,1
85,8,1,7,-1,6,1,1
86,7,1,8,-1,6,1,1
87,6,1,9,-1,6,1,1
88,1,1,1,1,7,1,1
89,3,-1,1,1,7,1,1
90,4,-1,2,1,7,1,1
91,5,-1,3,1,7,1,1
92,6,-1,4,1,7,1,1
93,7,-1,5,1,7,1,1
94,8,-1,6,1,7,1,1
95,9,-1,7,1,7,1,1
96,9,1,7,-1,7,1,1
97,8,1,8,-1,7,1,1
98,7,1,9,-1,7,1,1
99,2,-1,1,1,8,1,1
100,3,-1,2,1,8,1,1
101,4,-1,3,1,8,1,1
102,5,-1,4,1,8,1,1
103,6,-1,5,1,8,1,1
104,7,-1,6,1,8,1,1
105,8,-1,7,1,8,1,1
106,9,-1,8,1,8,1,1
107,9,1,8,-1,8,1,1
108,8,1,9,-1,8,1,1
109,1,-1,1,1,9,1,1
110,2,-1,2,1,9,1,1
111,3,-1,3,1,9,1,1
112,4,-1,4,1,9,1,1
113,5,-1,5,1,9,1,1
114,6,-1,6,1,9,1,1
115,7,-1,7,1,9,1,1
116,8,-1,8,1,9,1,1
117,9,-1,9,1,9,1,1
118,9,1,9,-1,9,1,1
119,9,1,1,1,1,-1,1
120,8,1,2,1,1,-1,1
121,7,1,3,1,1,-1,1
122,6,1,4,1,1,-1,1
123,5,1,5,1,1,-1,1
124,4,1,6,1,1,-1,1
125,3,1,7,1,1,-1,1
126,2,1,8,1,1,-1,1
127,1,1,9,1,1,-1,1
128,9,1,3,-1,1,-1,1
129,8,1,4,-1,1,-1,1
130,7,1,5,-1,1,-1,1
131,6,1,6,-1,1,-1,1
132,5,1,7,-1,1,-1,1
133,4,1,8,-1,1,-1,1
134,3,1,9,-1,1,-1,1
135,8,1,1,1,2,-1,1
136,7,1,2,1,2,-1,1
137,6,1,3,1,2,-1,1
138,5,1,4,1,2,-1,1
139,4,1,5,1,2,-1,1
140,3,1,6,1,2,-1,1
141,2,1,7,1,2,-1,1
142,1,1,8,1,2,-1,1
143,9,1,4,-1,2,-1,1
144,8,1,5,-1,2,-1,1
145,7,1,6,-1,2,-1,1
146,6,1,7,-1,2,-1,1
147,5,1,8,-1,2,-1,1
148,4,1,9,-1,2,-1,1
149,7,1,1,1,3,-1,1
150,9,-1,1,1,3,-1,1
151,6,1,2,1,3,-1,1
152,5,1,3,1,3,-1,1
153,4,1,4,1,3,-1,1
154,3,1,5,1,3,-1,1
155,2,1,6,1,3,-1,1
156,1,1,7,1,3,-1,1
157,9,1,5,-1,3,-1,1
158,8,1,6,-1,3,-1,1
159,7,1,7,-1,3,-1,1
160,6,1,8,-1,3,-1,1
161,5,1,9,-1,3,-1,1
162,6,1,1,1,4,-1,1
163,8,-1,1,1,4,-1,1
164,5,1,2,1,4,-1,1
165,9,-1,2,1,4,-1,1
166,4,1,3,1,4,-1,1
167,3,1,4,1,4,-1,1
168,2,1,5,1,4,-1,1
169,1,1,6,1,4,-1,1
170,9,1,6,-1,4,-1,1
171,8,1,7,-1,4,-1,1
172,7,1,8,-1,4,-1,1
173,6,1,9,-1,4,-1,1
174,5,1,1,1,5,-1,1
175,7,-1,1,1,5,-1,1
176,4,1,2,1,5,-1,1
177,8,-1,2,1,5,-1,1
178,3,1,3,1,5,-1,1
179,9,-1,3,1,5,-1,1
180,2,1,4,1,5,-1,1
181,1,1,5,1,5,-1,1
182,9,1,7,-1,5,-1,1
183,8,1,8,-1,5,-1,1
184,7,1,9,-1,5,-1,1
185,4,1,1,1,6,-1,1
186,6,-1,1,1,6,-1,1
187,3,1,2,1,6,-1,1
188,7,-1,2,1,6,-1,1
189,2,1,3,1,6,-1,1
190,8,-1,3,1,6,-1,1
191,1,1,4,1,6,-1,1
192,9,-1,4,1,6,-1,1
193,9,1,8,-1,6,-1,1
194,8,1,9,-1,6,-1,1
195,3,1,1,1,7,-1,1
196,5,-1,1,1,7,-1,1
197,2,1,2,1,7,-1,1
198,6,-1,2,1,7,-1,1
199,1,1,3,1,7,-1,1
200,7,-1,3,1,7,-1,1
201,8,-1,4,1,7,-1,1
202,9,-1,5,1,7,-1,1
203,9,1,9,-1,7,-1,1
204,2,1,1,1,8,-1,1
205,4,-1,1,1,8,-1,1
206,1,1,2,1,8,-1,1
207,5,-1,2,1,8,-1,1
208,6,-1,3,1,8,-1,1
209,7,-1,4,1,8,-1,1
210,8,-1,5,1,8,-1,1
211,9,-1,6,1,8,-1,1
212,1,1,1,1,9,-1,1
213,3,-1,1,1,9,-1,1
214,4,-1,2,1,9,-1,1
215,5,-1,3,1,9,-1,1
216,6,-1,4,1,9,-1,1
217,7,-1,5,1,9,-1,1
218,8,-1,6,1,9,-1,1
219,9,-1,7,1,9,-1,1
220,6,1,1,1,1,1,2
221,8,-1,1,1,1,1,2
222,5,1,2,1,1,1,2
223,9,-1,2,1,1,1,2
224,4,1,3,1,1,1,2
225,3,1,4,1,1,1,2
226,2,1,5,1,1,1,2
227,1,1,6,1,1,1,2
228,8,1,1,-1,1,1,2
229,7,1,2,-1,1,1,2
230,6,1,3,-1,1,1,2
231,5,1,4,-1,1,1,2
232,4,1,5,-1,1,1,2
233,3,1,6,-1,1,1,2
234,2,1,7,-1,1,1,2
235,1,1,8,-1,1,1,2
236,5,1,1,1,2,1,2
237,7,-1,1,1,2,1,2
238,4,1,2,1,2,1,2
239,8,-1,2,1,2,1,2
240,3,1,3,1,2,1,2
241,9,-1,3,1,2,1,2
242,2,1,4,1,2,1,2
243,1,1,5,1,2,1,2
244,9,1,1,-1,2,1,2
245,8,1,2,-1,2,1,2
246,7,1,3,-1,2,1,2
247,6,1,4,-1,2,1,2
248,5,1,5,-1,2,1,2
249,4,1,6,-1,2,1,2
250,3,1,7,-1,2,1,2
251,2,1,8,-1,2,1,2
252,1,1,9,-1,2,1,2
253,4,1,1,1,3,1,2
254,6,-1,1,1,3,1,2
255,3,1,2,1,3,1,2
256,7,-1,2,1,3,1,2
257,2,1,3,1,3,1,2
258,8,-1,3,1,3,1,2
259,1,1,4,1,3,1,2
260,9,-1,4,1,3,1,2
261,9,1,2,-1,3,1,2
262,8,1,3,-1,3,1,2
263,7,1,4,-1,3,1,2
264,6,1,5,-1,3,1,2
265,5,1,6,-1,3,1,2
266,4,1,7,-1,3,1,2
267,3,1,8,-1,3,1,2
268,2,1,9,-1,3,1,2
269,3,1,1,1,4,1,2
270,5,-1,1,1,4,1,2
271,2,1,2,1,4,1,2
272,6,-1,2,1,4,1,2
273,1,1,3,1,4,1,2
274,7,-1,3,1,4,1,2
275,8,-1,4,1,4,1,2
276,9,-1,5,1,4,1,2
277,9,1,3,-1,4,1,2
278,8,1,4,-1,4,1,2
279,7,1,5,-1,4,1,2
280,6,1,6,-1,4,1,2
281,5,1,7,-1,4,1,2
282,4,1,8,-1,4,1,2
283,3,1,9,-1,4,1,2
284,2,1,1,1,5,1,2
285,4,-1,1,1,5,1,2
286,1,1,2,1,5,1,2
287,5,-1,2,1,5,1,2
288,6,-1,3,1,5,1,2
289,7,-1,4,1,5,1,2
290,8,-1,5,1,5,1,2
291,9,-1,6,1,5,1,2
292,9,1,4,-1,5,1,2
293,8,1,5,-1,5,1,2
294,7,1,6,-1,5,1,2
295,6,1,7,-1,5,1,2
296,5,1,8,-1,5,1,2
297,4,1,9,-1,5,1,2
298,1,1,1,1,6,1,2
299,3,-1,1,1,6,1,2
300,4,-1,2,1,6,1,2
301,5,-1,3,1,6,1,2
302,6,-1,4,1,6,1,2
303,7,-1,5,1,6,1,2
304,8,-1,6,1,6,1,2
305,9,-1,7,1,6,1,2
306,9,1,5,-1,6,1,2
307,8,1,6,-1,6,1,2
308,7,1,7,-1,6,1,2
309,6,1,8,-1,6,1,2
310,5,1,9,-1,6,1,2
311,2,-1,1,1,7,1,2
312,3,-1,2,1,7,1,2
313,4,-1,3,1,7,1,2
314,5,-1,4,1,7,1,2
315,6,-1,5,1,7,1,2
316,7,-1,6,1,7,1,2
317,8,-1,7,1,7,1,2
318,9,-1,8,1,7,1,2
319,9,1,6,-1,7,1,2
320,8,1,7,-1,7,1,2
321,7,1,8,-1,7,1,2
322,6,1,9,-1,7,1,2
323,1,-1,1,1,8,1,2
324,2,-1,2,1,8,1,2
325,3,-1,3,1,8,1,2
326,4,-1,4,1,8,1,2
327,5,-1,5,1,8,1,2
328,6,-1,6,1,8,1,2
329,7,-1,7,1,8,1,2
330,8,-1,8,1,8,1,2
331,9,-1,9,1,8,1,2
332,9,1,7,-1,8,1,2
333,8,1,8,-1,8,1,2
334,7,1,9,-1,8,1,2
335,1,-1,2,1,9,1,2
336,2,-1,3,1,9,1,2
337,3,-1,4,1,9,1,2
338,4,-1,5,1,9,1,2
339,5,-1,6,1,9,1,2
340,6,-1,7,1,9,1,2
341,7,-1,8,1,9,1,2
342,8,-1,9,1,9,1,2
343,9,1,8,-1,9,1,2
344,8,1,9,-1,9,1,2
345,9,1,2,1,1,-1,2
346,8,1,3,1,1,-1,2
347,7,1,4,1,1,-1,2
348,6,1,5,1,1,-1,2
349,5,1,6,1,1,-1,2
350,4,1,7,1,1,-1,2
351,3,1,8,1,1,-1,2
352,2,1,9,1,1,-1,2
353,9,1,4,-1,1,-1,2
354,8,1,5,-1,1,-1,2
355,7,1,6,-1,1,-1,2
356,6,1,7,-1,1,-1,2
357,5,1,8,-1,1,-1,2
358,4,1,9,-1,1,-1,2
359,9,1,1,1,2,-1,2
360,8,1,2,1,2,-1,2
361,7,1,3,1,2,-1,2
362,6,1,4,1,2,-1,2
363,5,1,5,1,2,-1,2
364,4,1,6,1,2,-1,2
365,3,1,7,1,2,-1,2
366,2,1,8,1,2,-1,2
367,1,1,9,1,2,-1,2
368,9,1,5,-1,2,-1,2
369,8,1,6,-1,2,-1,2
370,7,1,7,-1,2,-1,2
371,6,1,8,-1,2,-1,2
372,5,1,9,-1,2,-1,2
373,8,1,1,1,3,-1,2
374,7,1,2,1,3,-1,2
375,6,1,3,1,3,-1,2
376,5,1,4,1,3,-1,2
377,4,1,5,1,3,-1,2
378,3,1,6,1,3,-1,2
379,2,1,7,1,3,-1,2
380,1,1,8,1,3,-1,2
381,9,1,6,-1,3,-1,2
382,8,1,7,-1,3,-1,2
383,7,1,8,-1,3,-1,2
384,6,1,9,-1,3,-1,2
385,7,1,1,1,4,-1,2
386,9,-1,1,1,4,-1,2
387,6,1,2,1,4,-1,2
388,5,1,3,1,4,-1,2
389,4,1,4,1,4,-1,2
390,3,1,5,1,4,-1,2
391,2,1,6,1,4,-1,2
392,1,1,7,1,4,-1,2
393,9,1,7,-1,4,-1,2
394,8,1,8,-1,4,-1,2
395,7,1,9,-1,4,-1,2
396,6,1,1,1,5,-1,2
397,8,-1,1,1,5,-1,2
398,5,1,2,1,5,-1,2
399,9,-1,2,1,5,-1,2
400,4,1,3,1,5,-1,2
401,3,1,4,1,5,-1,2
402,2,1,5,1,5,-1,2
403,1,1,6,1,5,-1,2
404,9,1,8,-1,5,-1,2
405,8,1,9,-1,5,-1,2
406,5,1,1,1,6,-1,2
407,7,-1,1,1,6,-1,2
408,4,1,2,1,6,-1,2
409,8,-1,2,1,6,-1,2
410,3,1,3,1,6,-1,2
411,9,-1,3,1,6,-1,2
412,2,1,4,1,6,-1,2
413,1,1,5,1,6,-1,2
414,9,1,9,-1,6,-1,2
415,4,1,1,1,7,-1,2
416,6,-1,1,1,7,-1,2
417,3,1,2,1,7,-1,2
418,7,-1,2,1,7,-1,2
419,2,1,3,1,7,-1,2
420,8,-1,3,1,7,-1,2
421,1,1,4,1,7,-1,2
422,9,-1,4,1,7,-1,2
423,3,1,1,1,8,-1,2
424,5,-1,1,1,8,-1,2
425,2,1,2,1,8,-1,2
426,6,-1,2,1,8,-1,2
427,1,1,3,1,8,-1,2
428,7,-1,3,1,8,-1,2
429,8,-1,4,1,8,-1,2
430,9,-1,5,1,8,-1,2
431,2,1,1,1,9,-1,2
432,4,-1,1,1,9,-1,2
433,1,1,2,1,9,-1,2
434,5,-1,2,1,9,-1,2
435,6,-1,3,1,9,-1,2
436,7,-1,4,1,9,-1,2
437,8,-1,5,1,9,-1,2
438,9,-1,6,1,9,-1,2
439,5,1,1,1,1,1,3
440,7,-1,1,1,1,1,3
441,4,1,2,1,1,1,3
442,8,-1,2,1,1,1,3
443,3,1,3,1,1,1,3
444,9,-1,3,1,1,1,3
445,2,1,4,1,1,1,3
446,1,1,5,1,1,1,3
447,7,1,1,-1,1,1,3
448,9,-1,1,-1,1,1,3
449,6,1,2,-1,1,1,3
450,5,1,3,-1,1,1,3
451,4,1,4,-1,1,1,3
452,3,1,5,-1,1,1,3
453,2,1,6,-1,1,1,3
454,1,1,7,-1,1,1,3
455,4,1,1,1,2,1,3
456,6,-1,1,1,2,1,3
457,3,1,2,1,2,1,3
458,7,-1,2,1,2,1,3
459,2,1,3,1,2,1,3
460,8,-1,3,1,2,1,3
461,1,1,4,1,2,1,3
462,9,-1,4,1,2,1,3
463,8,1,1,-1,2,1,3
464,7,1,2,-1,2,1,3
465,6,1,3,-1,2,1,3
466,5,1,4,-1,2,1,3
467,4,1,5,-1,2,1,3
468,3,1,6,-1,2,1,3
469,2,1,7,-1,2,1,3
470,1,1,8,-1,2,1,3
471,3,1,1,1,3,1,3
472,5,-1,1,1,3,1,3
473,2,1,2,1,3,1,3
474,6,-1,2,1,3,1,3
475,1,1,3,1,3,1,3
476,7,-1,3,1,3,1,3
477,8,-1,4,1,3,1,3
478,9,-1,5,1,3,1,3
479,9,1,1,-1,3,1,3
480,8,1,2,-1,3,1,3
481,7,1,3,-1,3,1,3
482,6,1,4,-1,3,1,3
483,5,1,5,-1,3,1,3
484,4,1,6,-1,3,1,3
485,3,1,7,-1,3,1,3
486,2,1,8,-1,3,1,3
487,1,1,9,-1,3,1,3
488,2,1,1,1,4,1,3
489,4,-1,1,1,4,1,3
490,1,1,2,1,4,1,3
491,5,-1,2,1,4,1,3
492,6,-1,3,1,4,1,3
493,7,-1,4,1,4,1,3
494,8,-1,5,1,4,1,3
495,9,-1,6,1,4,1,3
496,9,1,2,-1,4,1,3
497,8,1,3,-1,4,1,3
498,7,1,4,-1,4,1,3
499,6,1,5,-1,4,1,3
500,5,1,6,-1,4,1,3
501,4,1,7,-1,4,1,3
502,3,1,8,-1,4,1,3
503,2,1,9,-1,4,1,3
504,1,1,1,1,5,1,3
505,3,-1,1,1,5,1,3
506,4,-1,2,1,5,1,3
507,5,-1,3,1,5,1,3
508,6,-1,4,1,5,1,3
509,7,-1,5,1,5,1,3
510,8,-1,6,1,5,1,3
511,9,-1,7,1,5,1,3
512,9,1,3,-1,5,1,3
513,8,1,4,-1,5,1,3
514,7,1,5,-1,5,1,3
515,6,1,6,-1,5,1,3
516,5,1,7,-1,5,1,3
517,4,1,8,-1,5,1,3
518,3,1,9,-1,5,1,3
519,2,-1,1,1,6,1,3
520,3,-1,2,1,6,1,3
521,4,-1,3,1,6,1,3
522,5,-1,4,1,6,1,3
523,6,-1,5,1,6,1,3
524,7,-1,6,1,6,1,3
525,8,-1,7,1,6,1,3
526,9,-1,8,1,6,1,3
527,9,1,4,-1,6,1,3
528,8,1,5,-1,6,1,3
529,7,1,6,-1,6,1,3
530,6,1,7,-1,6,1,3
531,5,1,8,-1,6,1,3
532,4,1,9,-1,6,1,3
533,1,-1,1,1,7,1,3
534,2,-1,2,1,7,1,3
535,3,-1,3,1,7,1,3
536,4,-1,4,1,7,1,3
537,5,-1,5,1,7,1,3
538,6,-1,6,1,7,1,3
539,7,-1,7,1,7,1,3
540,8,-1,8,1,7,1,3
541,9,-1,9,1,7,1,3
542,9,1,5,-1,7,1,3
543,8,1,6,-1,7,1,3
544,7,1,7,-1,7,1,3
545,6,1,8,-1,7,1,3
546,5,1,9,-1,7,1,3
547,1,-1,2,1,8,1,3
548,2,-1,3,1,8,1,3
549,3,-1,4,1,8,1,3
550,4,-1,5,1,8,1,3
551,5,-1,6,1,8,1,3
552,6,-1,7,1,8,1,3
553,7,-1,8,1,8,1,3
554,8,-1,9,1,8,1,3
555,9,1,6,-1,8,1,3
556,8,1,7,-1,8,1,3
557,7,1,8,-1,8,1,3
558,6,1,9,-1,8,1,3
559,1,-1,3,1,9,1,3
560,2,-1,4,1,9,1,3
561,3,-1,5,1,9,1,3
562,4,-1,6,1,9,1,3
563,5,-1,7,1,9,1,3
564,6,-1,8,1,9,1,3
565,7,-1,9,1,9,1,3
566,9,1,7,-1,9,1,3
567,8,1,8,-1,9,1,3
568,7,1,9,-1,9,1,3
569,9,1,3,1,1,-1,3
570,8,1,4,1,1,-1,3
571,7,1,5,1,1,-1,3
572,6,1,6,1,1,-1,3
573,5,1,7,1,1,-1,3
574,4,1,8,1,1,-1,3
575,3,1,9,1,1,-1,3
576,9,1,5,-1,1,-1,3
577,8,1,6,-1,1,-1,3
578,7,1,7,-1,1,-1,3
579,6,1,8,-1,1,-1,3
580,5,1,9,-1,1,-1,3
581,9,1,2,1,2,-1,3
582,8,1,3,1,2,-1,3
583,7,1,4,1,2,-1,3
584,6,1,5,1,2,-1,3
585,5,1,6,1,2,-1,3
586,4,1,7,1,2,-1,3
587,3,1,8,1,2,-1,3
588,2,1,9,1,2,-1,3
589,9,1,6,-1,2,-1,3
590,8,1,7,-1,2,-1,3
591,7,1,8,-1,2,-1,3
592,6,1,9,-1,2,-1,3
593,9,1,1,1,3,-1,3
594,8,1,2,1,3,-1,3
595,7,1,3,1,3,-1,3
596,6,1,4,1,3,-1,3
597,5,1,5,1,3,-1,3
598,4,1,6,1,3,-1,3
599,3,1,7,1,3,-1,3
600,2,1,8,1,3,-1,3
601,1,1,9,1,3,-1,3
602,9,1,7,-1,3,-1,3
603,8,1,8,-1,3,-1,3
604,7,1,9,-1,3,-1,3
605,8,1,1,1,4,-1,3
606,7,1,2,1,4,-1,3
607,6,1,3,1,4,-1,3
608,5,1,4,1,4,-1,3
609,4,1,5,1,4,-1,3
610,3,1,6,1,4,-1,3
611,2,1,7,1,4,-1,3
612,1,1,8,1,4,-1,3
613,9,1,8,-1,4,-1,3
614,8,1,9,-1,4,-1,3
615,7,1,1,1,5,-1,3
616,9,-1,1,1,5,-1,3
617,6,1,2,1,5,-1,3
618,5,1,3,1,5,-1,3
619,4,1,4,1,5,-1,3
620,3,1,5,1,5,-1,3
621,2,1,6,1,5,-1,3
622,1,1,7,1,5,-1,3
623,9,1,9,-1,5,-1,3
624,6,1,1,1,6,-1,3
625,8,-1,1,1,6,-1,3
626,5,1,2,1,6,-1,3
627,9,-1,2,1,6,-1,3
628,4,1,3,1,6,-1,3
629,3,1,4,1,6,-1,3
630,2,1,5,1,6,-1,3
631,1,1,6,1,6,-1,3
632,5,1,1,1,7,-1,3
633,7,-1,1,1,7,-1,3
634,4,1,2,1,7,-1,3
635,8,-1,2,1,7,-1,3
636,3,1,3,1,7,-1,3
637,9,-1,3,1,7,-1,3
638,2,1,4,1,7,-1,3
639,1,1,5,1,7,-1,3
640,4,1,1,1,8,-1,3
641,6,-1,1,1,8,-1,3
642,3,1,2,1,8,-1,3
643,7,-1,2,1,8,-1,3
644,2,1,3,1,8,-1,3
645,8,-1,3,1,8,-1,3
646,1,1,4,1,8,-1,3
647,9,-1,4,1,8,-1,3
648,3,1,1,1,9,-1,3
649,5,-1,1,1,9,-1,3
650,2,1,2,1,9,-1,3
651,6,-1,2,1,9,-1,3
652,1,1,3,1,9,-1,3
653,7,-1,3,1,9,-1,3
654,8,-1,4,1,9,-1,3
655,9,-1,5,1,9,-1,3
656,4,1,1,1,1,1,4
657,6,-1,1,1,1,1,4
658,3,1,2,1,1,1,4
659,7,-1,2,1,1,1,4
660,2,1,3,1,1,1,4
661,8,-1,3,1,1,1,4
662,1,1,4,1,1,1,4
663,9,-1,4,1,1,1,4
664,6,1,1,-1,1,1,4
665,8,-1,1,-1,1,1,4
666,5,1,2,-1,1,1,4
667,9,-1,2,-1,1,1,4
668,4,1,3,-1,1,1,4
669,3,1,4,-1,1,1,4
670,2,1,5,-1,1,1,4
671,1,1,6,-1,1,1,4
672,3,1,1,1,2,1,4
673,5,-1,1,1,2,1,4
674,2,1,2,1,2,1,4
675,6,-1,2,1,2,1,4
676,1,1,3,1,2,1,4
677,7,-1,3,1,2,1,4
678,8,-1,4,1,2,1,4
679,9,-1,5,1,2,1,4
680,7,1,1,-1,2,1,4
681,9,-1,1,-1,2,1,4
682,6,1,2,-1,2,1,4
683,5,1,3,-1,2,1,4
684,4,1,4,-1,2,1,4
685,3,1,5,-1,2,1,4
686,2,1,6,-1,2,1,4
687,1,1,7,-1,2,1,4
688,2,1,1,1,3,1,4
689,4,-1,1,1,3,1,4
690,1,1,2,1,3,1,4
691,5,-1,2,1,3,1,4
692,6,-1,3,1,3,1,4
693,7,-1,4,1,3,1,4
694,8,-1,5,1,3,1,4
695,9,-1,6,1,3,1,4
696,8,1,1,-1,3,1,4
697,7,1,2,-1,3,1,4
698,6,1,3,-1,3,1,4
699,5,1,4,-1,3,1,4
700,4,1,5,-1,3,1,4
701,3,1,6,-1,3,1,4
702,2,1,7,-1,3,1,4
703,1,1,8,-1,3,1,4
704,1,1,1,1,4,1,4
705,3,-1,1,1,4,1,4
706,4,-1,2,1,4,1,4
707,5,-1,3,1,4,1,4
708,6,-1,4,1,4,1,4
709,7,-1,5,1,4,1,4
710,8,-1,6,1,4,1,4
711,9,-1,7,1,4,1,4
712,9,1,1,-1,4,1,4
713,8,1,2,-1,4,1,4
714,7,1,3,-1,4,1,4
715,6,1,4,-1,4,1,4
716,5,1,5,-1,4,1,4
717,4,1,6,-1,4,1,4
718,3,1,7,-1,4,1,4
719,2,1,8,-1,4,1,4
720,1,1,9,-1,4,1,4
721,2,-1,1,1,5,1,4
722,3,-1,2,1,5,1,4
723,4,-1,3,1,5,1,4
724,5,-1,4,1,5,1,4
725,6,-1,5,1,5,1,4
726,7,-1,6,1,5,1,4
727,8,-1,7,1,5,1,4
728,9,-1,8,1,5,1,4
729,9,1,2,-1,5,1,4
730,8,1,3,-1,5,1,4
731,7,1,4,-1,5,1,4
732,6,1,5,-1,5,1,4
733,5,1,6,-1,5,1,4
734,4,1,7,-1,5,1,4
735,3,1,8,-1,5,1,4
736,2,1,9,-1,5,1,4
737,1,-1,1,1,6,1,4
738,2,-1,2,1,6,1,4
739,3,-1,3,1,6,1,4
740,4,-1,4,1,6,1,4
741,5,-1,5,1,6,1,4
742,6,-1,6,1,6,1,4
743,7,-1,7,1,6,1,4
744,8,-1,8,1,6,1,4
745,9,-1,9,1,6,1,4
746,9,1,3,-1,6,1,4
747,8,1,4,-1,6,1,4
748,7,1,5,-1,6,1,4
749,6,1,6,-1,6,1,4
750,5,1,7,-1,6,1,4
751,4,1,8,-1,6,1,4
752,3,1,9,-1,6,1,4
753,1,-1,2,1,7,1,4
754,2,-1,3,1,7,1,4
755,3,-1,4,1,7,1,4
756,4,-1,5,1,7,1,4
757,5,-1,6,1,7,1,4
758,6,-1,7,1,7,1,4
759,7,-1,8,1,7,1,4
760,8,-1,9,1,7,1,4
761,9,1,4,-1,7,1,4
762,8,1,5,-1,7,1,4
763,7,1,6,-1,7,1,4
764,6,1,7,-1,7,1,4
765,5,1,8,-1,7,1,4
766,4,1,9,-1,7,1,4
767,1,-1,3,1,8,1,4
768,2,-1,4,1,8,1,4
769,3,-1,5,1,8,1,4
770,4,-1,6,1,8,1,4
771,5,-1,7,1,8,1,4
772,6,-1,8,1,8,1,4
773,7,-1,9,1,8,1,4
774,9,1,5,-1,8,1,4
775,8,1,6,-1,8,1,4
776,7,1,7,-1,8,1,4
777,6,1,8,-1,8,1,4
778,5,1,9,-1,8,1,4
779,1,-1,4,1,9,1,4
780,2,-1,5,1,9,1,4
781,3,-1,6,1,9,1,4
782,4,-1,7,1,9,1,4
783,5,-1,8,1,9,1,4
784,6,-1,9,1,9,1,4
785,9,1,6,-1,9,1,4
786,8,1,7,-1,9,1,4
787,7,1,8,-1,9,1,4
788,6,1,9,-1,9,1,4
789,9,1,4,1,1,-1,4
790,8,1,5,1,1,-1,4
791,7,1,6,1,1,-1,4
792,6,1,7,1,1,-1,4
793,5,1,8,1,1,-1,4
794,4,1,9,1,1,-1,4
795,9,1,6,-1,1,-1,4
796,8,1,7,-1,1,-1,4
797,7,1,8,-1,1,-1,4
798,6,1,9,-1,1,-1,4
799,9,1,3,1,2,-1,4
800,8,1,4,1,2,-1,4
801,7,1,5,1,2,-1,4
802,6,1,6,1,2,-1,4
803,5,1,7,1,2,-1,4
804,4,1,8,1,2,-1,4
805,3,1,9,1,2,-1,4
806,9,1,7,-1,2,-1,4
807,8,1,8,-1,2,-1,4
808,7,1,9,-1,2,-1,4
809,9,1,2,1,3,-1,4
810,8,1,3,1,3,-1,4
811,7,1,4,1,3,-1,4
812,6,1,5,1,3,-1,4
813,5,1,6,1,3,-1,4
814,4,1,7,1,3,-1,4
815,3,1,8,1,3,-1,4
816,2,1,9,1,3,-1,4
817,9,1,8,-1,3,-1,4
818,8,1,9,-1,3,-1,4
819,9,1,1,1,4,-1,4
820,8,1,2,1,4,-1,4
821,7,1,3,1,4,-1,4
822,6,1,4,1,4,-1,4
823,5,1,5,1,4,-1,4
824,4,1,6,1,4,-1,4
825,3,1,7,1,4,-1,4
826,2,1,8,1,4,-1,4
827,1,1,9,1,4,-1,4
828,9,1,9,-1,4,-1,4
829,8,1,1,1,5,-1,4
830,7,1,2,1,5,-1,4
831,6,1,3,1,5,-1,4
832,5,1,4,1,5,-1,4
833,4,1,5,1,5,-1,4
834,3,1,6,1,5,-1,4
835,2,1,7,1,5,-1,4
836,1,1,8,1,5,-1,4
837,7,1,1,1,6,-1,4
838,9,-1,1,1,6,-1,4
839,6,1,2,1,6,-1,4
840,5,1,3,1,6,-1,4
841,4,1,4,1,6,-1,4
842,3,1,5,1,6,-1,4
843,2,1,6,1,6,-1,4
844,1,1,7,1,6,-1,4
845,6,1,1,1,7,-1,4
846,8,-1,1,1,7,-1,4
847,5,1,2,1,7,-1,4
848,9,-1,2,1,7,-1,4
849,4,1,3,1,7,-1,4
850,3,1,4,1,7,-1,4
851,2,1,5,1,7,-1,4
852,1,1,6,1,7,-1,4
853,5,1,1,1,8,-1,4
854,7,-1,1,1,8,-1,4
855,4,1,2,1,8,-1,4
856,8,-1,2,1,8,-1,4
857,3,1,3,1,8,-1,4
858,9,-1,3,1,8,-1,4
859,2,1,4,1,8,-1,4
860,1,1,5,1,8,-1,4
861,4,1,1,1,9,-1,4
862,6,-1,1,1,9,-1,4
863,3,1,2,1,9,-1,4
864,7,-1,2,1,9,-1,4
865,2,1,3,1,9,-1,4
866,8,-1,3,1,9,-1,4
867,1,1,4,1,9,-1,4
868,9,-1,4,1,9,-1,4
869,3,1,1,1,1,1,5
870,5,-1,1,1,1,1,5
871,2,1,2,1,1,1,5
872,6,-1,2,1,1,1,5
873,1,1,3,1,1,1,5
874,7,-1,3,1,1,1,5
875,8,-1,4,1,1,1,5
876,9,-1,5,1,1,1,5
877,5,1,1,-1,1,1,5
878,7,-1,1,-1,1,1,5
879,4,1,2,-1,1,1,5
880,8,-1,2,-1,1,1,5
881,3,1,3,-1,1,1,5
882,9,-1,3,-1,1,1,5
883,2,1,4,-1,1,1,5
884,1,1,5,-1,1,1,5
885,2,1,1,1,2,1,5
886,4,-1,1,1,2,1,5
887,1,1,2,1,2,1,5
888,5,-1,2,1,2,1,5
889,6,-1,3,1,2,1,5
890,7,-1,4,1,2,1,5
891,8,-1,5,1,2,1,5
892,9,-1,6,1,2,1,5
893,6,1,1,-1,2,1,5
894,8,-1,1,-1,2,1,5
895,5,1,2,-1,2,1,5
896,9,-1,2,-1,2,1,5
897,4,1,3,-1,2,1,5
898,3,1,4,-1,2,1,5
899,2,1,5,-1,2,1,5
900,1,1,6,-1,2,1,5
901,1,1,1,1,3,1,5
902,3,-1,1,1,3,1,5
903,4,-1,2,1,3,1,5
904,5,-1,3,1,3,1,5
905,6,-1,4,1,3,1,5
906,7,-1,5,1,3,1,5
907,8,-1,6,1,3,1,5
908,9,-1,7,1,3,1,5
909,7,1,1,-1,3,1,5
910,9,-1,1,-1,3,1,5
911,6,1,2,-1,3,1,5
912,5,1,3,-1,3,1,5
913,4,1,4,-1,3,1,5
914,3,1,5,-1,3,1,5
915,2,1,6,-1,3,1,5
916,1,1,7,-1,3,1,5
917,2,-1,1,1,4,1,5
918,3,-1,2,1,4,1,5
919,4,-1,3,1,4,1,5
920,5,-1,4,1,4,1,5
921,6,-1,5,1,4,1,5
922,7,-1,6,1,4,1,5
923,8,-1,7,1,4,1,5
924,9,-1,8,1,4,1,5
925,8,1,1,-1,4,1,5
926,7,1,2,-1,4,1,5
927,6,1,3,-1,4,1,5
928,5,1,4,-1,4,1,5
929,4,1,5,-1,4,1,5
930,3,1,6,-1,4,1,5
931,2,1,7,-1,4,1,5
932,1,1,8,-1,4,1,5
933,1,-1,1,1,5,1,5
934,2,-1,2,1,5,1,5
935,3,-1,3,1,5,1,5
936,4,-1,4,1,5,1,5
937,5,-1,5,1,5,1,5
938,6,-1,6,1,5,1,5
939,7,-1,7,1,5,1,5
940,8,-1,8,1,5,1,5
941,9,-1,9,1,5,1,5
942,9,1,1,-1,5,1,5
943,8,1,2,-1,5,1,5
944,7,1,3,-1,5,1,5
945,6,1,4,-1,5,1,5
946,5,1,5,-1,5,1,5
947,4,1,6,-1,5,1,5
948,3,1,7,-1,5,1,5
949,2,1,8,-1,5,1,5
950,1,1,9,-1,5,1,5
951,1,-1,2,1,6,1,5
952,2,-1,3,1,6,1,5
953,3,-1,4,1,6,1,5
954,4,-1,5,1,6,1,5
955,5,-1,6,1,6,1,5
956,6,-1,7,1,6,1,5
957,7,-1,8,1,6,1,5
958,8,-1,9,1,6,1,5
959,9,1,2,-1,6,1,5
960,8,1,3,-1,6,1,5
961,7,1,4,-1,6,1,5
962,6,1,5,-1,6,1,5
963,5,1,6,-1,6,1,5
964,4,1,7,-1,6,1,5
965,3,1,8,-1,6,1,5
966,2,1,9,-1,6,1,5
967,1,-1,3,1,7,1,5
968,2,-1,4,1,7,1,5
969,3,-1,5,1,7,1,5
970,4,-1,6,1,7,1,5
971,5,-1,7,1,7,1,5
972,6,-1,8,1,7,1,5
973,7,-1,9,1,7,1,5
974,9,1,3,-1,7,1,5
975,8,1,4,-1,7,1,5
976,7,1,5,-1,7,1,5
977,6,1,6,-1,7,1,5
978,5,1,7,-1,7,1,5
979,4,1,8,-1,7,1,5
980,3,1,9,-1,7,1,5
981,1,-1,4,1,8,1,5
982,2,-1,5,1,8,1,5
983,3,-1,6,1,8,1,5
984,4,-1,7,1,8,1,5
985,5,-1,8,1,8,1,5
986,6,-1,9,1,8,1,5
987,9,1,4,-1,8,1,5
988,8,1,5,-1,8,1,5
989,7,1,6,-1,8,1,5
990,6,1,7,-1,8,1,5
991,5,1,8,-1,8,1,5
992,4,1,9,-1,8,1,5
993,1,-1,5,1,9,1,5
994,2,-1,6,1,9,1,5
995,3,-1,7,1,9,1,5
996,4,-1,8,1,9,1,5
997,5,-1,9,1,9,1,5
998,9,1,5,-1,9,1,5
999,8,1,6,-1,9,1,5
1000,7,1,7,-1,9,1,5
1001,6,1,8,-1,9,1,5
1002,5,1,9,-1,9,1,5
1003,9,1,5,1,1,-1,5
1004,8,1,6,1,1,-1,5
1005,7,1,7,1,1,-1,5
1006,6,1,8,1,1,-1,5
1007,5,1,9,1,1,-1,5
1008,9,1,7,-1,1,-1,5
1009,8,1,8,-1,1,-1,5
1010,7,1,9,-1,1,-1,5
1011,9,1,4,1,2,-1,5
1012,8,1,5,1,2,-1,5
1013,7,1,6,1,2,-1,5
1014,6,1,7,1,2,-1,5
1015,5,1,8,1,2,-1,5
1016,4,1,9,1,2,-1,5
1017,9,1,8,-1,2,-1,5
1018,8,1,9,-1,2,-1,5
1019,9,1,3,1,3,-1,5
1020,8,1,4,1,3,-1,5
1021,7,1,5,1,3,-1,5
1022,6,1,6,1,3,-1,5
1023,5,1,7,1,3,-1,5
1024,4,1,8,1,3,-1,5
1025,3,1,9,1,3,-1,5
1026,9,1,9,-1,3,-1,5
1027,9,1,2,1,4,-1,5
1028,8,1,3,1,4,-1,5
1029,7,1,4,1,4,-1,5
1030,6,1,5,1,4,-1,5
1031,5,1,6,1,4,-1,5
1032,4,1,7,1,4,-1,5
1033,3,1,8,1,4,-1,5
1034,2,1,9,1,4,-1,5
1035,9,1,1,1,5,-1,5
1036,8,1,2,1,5,-1,5
1037,7,1,3,1,5,-1,5
1038,6,1,4,1,5,-1,5
1039,5,1,5,1,5,-1,5
1040,4,1,6,1,5,-1,5
1041,3,1,7,1,5,-1,5
1042,2,1,8,1,5,-1,5
1043,1,1,9,1,5,-1,5
1044,8,1,1,1,6,-1,5
1045,7,1,2,1,6,-1,5
1046,6,1,3,1,6,-1,5
1047,5,1,4,1,6,-1,5
1048,4,1,5,1,6,-1,5
1049,3,1,6,1,6,-1,5
1050,2,1,7,1,6,-1,5
1051,1,1,8,1,6,-1,5
1052,7,1,1,1,7,-1,5
1053,9,-1,1,1,7,-1,5
1054,6,1,2,1,7,-1,5
1055,5,1,3,1,7,-1,5
1056,4,1,4,1,7,-1,5
1057,3,1,5,1,7,-1,5
1058,2,1,6,1,7,-1,5
1059,1,1,7,1,7,-1,5
1060,6,1,1,1,8,-1,5
1061,8,-1,1,1,8,-1,5
1062,5,1,2,1,8,-1,5
1063,9,-1,2,1,8,-1,5
1064,4,1,3,1,8,-1,5
1065,3,1,4,1,8,-1,5
1066,2,1,5,1,8,-1,5
1067,1,1,6,1,8,-1,5
1068,5,1,1,1,9,-1,5
1069,7,-1,1,1,9,-1,5
1070,4,1,2,1,9,-1,5
1071,8,-1,2,1,9,-1,5
1072,3,1,3,1,9,-1,5
1073,9,-1,3,1,9,-1,5
1074,2,1,4,1,9,-1,5
1075,1,1,5,1,9,-1,5
1076,2,1,1,1,1,1,6
1077,4,-1,1,1,1,1,6
1078,1,1,2,1,1,1,6
1079,5,-1,2,1,1,1,6
1080,6,-1,3,1,1,1,6
1081,7,-1,4,1,1,1,6
1082,8,-1,5,1,1,1,6
1083,9,-1,6,1,1,1,6
1084,4,1,1,-1,1,1,6
1085,6,-1,1,-1,1,1,6
1086,3,1,2,-1,1,1,6
1087,7,-1,2,-1,1,1,6
1088,2,1,3,-1,1,1,6
1089,8,-1,3,-1,1,1,6
1090,1,1,4,-1,1,1,6
1091,9,-1,4,-1,1,1,6
1092,1,1,1,1,2,1,6
1093,3,-1,1,1,2,1,6
1094,4,-1,2,1,2,1,6
1095,5,-1,3,1,2,1,6
1096,6,-1,4,1,2,1,6
1097,7,-1,5,1,2,1,6
1098,8,-1,6,1,2,1,6
1099,9,-1,7,1,2,1,6
1100,5,1,1,-1,2,1,6
1101,7,-1,1,-1,2,1,6
1102,4,1,2,-1,2,1,6
1103,8,-1,2,-1,2,1,6
1104,3,1,3,-1,2,1,6
1105,9,-1,3,-1,2,1,6
1106,2,1,4,-1,2,1,6
1107,1,1,5,-1,2,1,6
1108,2,-1,1,1,3,1,6
1109,3,-1,2,1,3,1,6
1110,4,-1,3,1,3,1,6
1111,5,-1,4,1,3,1,6
1112,6,-1,5,1,3,1,6
1113,7,-1,6,1,3,1,6
1114,8,-1,7,1,3,1,6
1115,9,-1,8,1,3,1,6
1116,6,1,1,-1,3,1,6
1117,8,-1,1,-1,3,1,6
1118,5,1,2,-1,3,1,6
1119,9,-1,2,-1,3,1,6
1120,4,1,3,-1,3,1,6
1121,3,1,4,-1,3,1,6
1122,2,1,5,-1,3,1,6
1123,1,1,6,-1,3,1,6
1124,1,-1,1,1,4,1,6
1125,2,-1,2,1,4,1,6
1126,3,-1,3,1,4,1,6
1127,4,-1,4,1,4,1,6
1128,5,-1,5,1,4,1,6
1129,6,-1,6,1,4,1,6
1130,7,-1,7,1,4,1,6
1131,8,-1,8,1,4,1,6
1132,9,-1,9,1,4,1,6
1133,7,1,1,-1,4,1,6
1134,9,-1,1,-1,4,1,6
1135,6,1,2,-1,4,1,6
1136,5,1,3,-1,4,1,6
1137,4,1,4,-1,4,1,6
1138,3,1,5,-1,4,1,6
1139,2,1,6,-1,4,1,6
1140,1,1,7,-1,4,1,6
1141,1,-1,2,1,5,1,6
1142,2,-1,3,1,5,1,6
1143,3,-1,4,1,5,1,6
1144,4,-1,5,1,5,1,6
1145,5,-1,6,1,5,1,6
1146,6,-1,7,1,5,1,6
1147,7,-1,8,1,5,1,6
1148,8,-1,9,1,5,1,6
1149,8,1,1,-1,5,1,6
1150,7,1,2,-1,5,1,6
1151,6,1,3,-1,5,1,6
1152,5,1,4,-1,5,1,6
1153,4,1,5,-1,5,1,6
1154,3,1,6,-1,5,1,6
1155,2,1,7,-1,5,1,6
1156,1,1,8,-1,5,1,6
1157,1,-1,3,1,6,1,6
1158,2,-1,4,1,6,1,6
1159,3,-1,5,1,6,1,6
1160,4,-1,6,1,6,1,6
1161,5,-1,7,1,6,1,6
1162,6,-1,8,1,6,1,6
1163,7,-1,9,1,6,1,6
1164,9,1,1,-1,6,1,6
1165,8,1,2,-1,6,1,6
1166,7,1,3,-1,6,1,6
1167,6,1,4,-1,6,1,6
1168,5,1,5,-1,6,1,6
1169,4,1,6,-1,6,1,6
1170,3,1,7,-1,6,1,6
1171,2,1,8,-1,6,1,6
1172,1,1,9,-1,6,1,6
1173,1,-1,4,1,7,1,6
1174,2,-1,5,1,7,1,6
1175,3,-1,6,1,7,1,6
1176,4,-1,7,1,7,1,6
1177,5,-1,8,1,7,1,6
1178,6,-1,9,1,7,1,6
1179,9,1,2,-1,7,1,6
1180,8,1,3,-1,7,1,6
1181,7,1,4,-1,7,1,6
1182,6,1,5,-1,7,1,6
1183,5,1,6,-1,7,1,6
1184,4,1,7,-1,7,1,6
1185,3,1,8,-1,7,1,6
1186,2,1,9,-1,7,1,6
1187,1,-1,5,1,8,1,6
1188,2,-1,6,1,8,1,6
1189,3,-1,7,1,8,1,6
1190,4,-1,8,1,8,1,6
1191,5,-1,9,1,8,1,6
1192,9,1,3,-1,8,1,6
1193,8,1,4,-1,8,1,6
1194,7,1,5,-1,8,1,6
1195,6,1,6,-1,8,1,6
1196,5,1,7,-1,8,1,6
1197,4,1,8,-1,8,1,6
1198,3,1,9,-1,8,1,6
1199,1,-1,6,1,9,1,6
1200,2,-1,7,1,9,1,6
1201,3,-1,8,1,9,1,6
1202,4,-1,9,1,9,1,6
1203,9,1,4,-1,9,1,6
1204,8,1,5,-1,9,1,6
1205,7,1,6,-1,9,1,6
1206,6,1,7,-1,9,1,6
1207,5,1,8,-1,9,1,6
1208,4,1,9,-1,9,1,6
1209,9,1,6,1,1,-1,6
1210,8,1,7,1,1,-1,6
1211,7,1,8,1,1,-1,6
1212,6,1,9,1,1,-1,6
1213,9,1,8,-1,1,-1,6
1214,8,1,9,-1,1,-1,6
1215,9,1,5,1,2,-1,6
1216,8,1,6,1,2,-1,6
1217,7,1,7,1,2,-1,6
1218,6,1,8,1,2,-1,6
1219,5,1,9,1,2,-1,6
1220,9,1,9,-1,2,-1,6
1221,9,1,4,1,3,-1,6
1222,8,1,5,1,3,-1,6
1223,7,1,6,1,3,-1,6
1224,6,1,7,1,3,-1,6
1225,5,1,8,1,3,-1,6
1226,4,1,9,1,3,-1,6
1227,9,1,3,1,4,-1,6
1228,8,1,4,1,4,-1,6
1229,7,1,5,1,4,-1,6
1230,6,1,6,1,4,-1,6
1231,5,1,7,1,4,-1,6
1232,4,1,8,1,4,-1,6
1233,3,1,9,1,4,-1,6
1234,9,1,2,1,5,-1,6
1235,8,1,3,1,5,-1,6
1236,7,1,4,1,5,-1,6
1237,6,1,5,1,5,-1,6
1238,5,1,6,1,5,-1,6
1239,4,1,7,1,5,-1,6
1240,3,1,8,1,5,-1,6
1241,2,1,9,1,5,-1,6
1242,9,1,1,1,6,-1,6
1243,8,1,2,1,6,-1,6
1244,7,1,3,1,6,-1,6
1245,6,1,4,1,6,-1,6
1246,5,1,5,1,6,-1,6
1247,4,1,6,1,6,-1,6
1248,3,1,7,1,6,-1,6
1249,2,1,8,1,6,-1,6
1250,1,1,9,1,6,-1,6
1251,8,1,1,1,7,-1,6
1252,7,1,2,1,7,-1,6
1253,6,1,3,1,7,-1,6
1254,5,1,4,1,7,-1,6
1255,4,1,5,1,7,-1,6
1256,3,1,6,1,7,-1,6
1257,2,1,7,1,7,-1,6
1258,1,1,8,1,7,-1,6
1259,7,1,1,1,8,-1,6
1260,9,-1,1,1,8,-1,6
1261,6,1,2,1,8,-1,6
1262,5,1,3,1,8,-1,6
1263,4,1,4,1,8,-1,6
1264,3,1,5,1,8,-1,6
1265,2,1,6,1,8,-1,6
1266,1,1,7,1,8,-1,6
1267,6,1,1,1,9,-1,6
1268,8,-1,1,1,9,-1,6
1269,5,1,2,1,9,-1,6
1270,9,-1,2,1,9,-1,6
1271,4,1,3,1,9,-1,6
1272,3,1,4,1,9,-1,6
1273,2,1,5,1,9,-1,6
1274,1,1,6,1,9,-1,6
1275,1,1,1,1,1,1,7
1276,3,-1,1,1,1,1,7
1277,4,-1,2,1,1,1,7
1278,5,-1,3,1,1,1,7
1279,6,-1,4,1,1,1,7
1280,7,-1,5,1,1,1,7
1281,8,-1,6,1,1,1,7
1282,9,-1,7,1,1,1,7
1283,3,1,1,-1,1,1,7
1284,5,-1,1,-1,1,1,7
1285,2,1,2,-1,1,1,7
1286,6,-1,2,-1,1,1,7
1287,1,1,3,-1,1,1,7
1288,7,-1,3,-1,1,1,7
1289,8,-1,4,-1,1,1,7
1290,9,-1,5,-1,1,1,7
1291,2,-1,1,1,2,1,7
1292,3,-1,2,1,2,1,7
1293,4,-1,3,1,2,1,7
1294,5,-1,4,1,2,1,7
1295,6,-1,5,1,2,1,7
1296,7,-1,6,1,2,1,7
1297,8,-1,7,1,2,1,7
1298,9,-1,8,1,2,1,7
1299,4,1,1,-1,2,1,7
1300,6,-1,1,-1,2,1,7
1301,3,1,2,-1,2,1,7
1302,7,-1,2,-1,2,1,7
1303,2,1,3,-1,2,1,7
1304,8,-1,3,-1,2,1,7
1305,1,1,4,-1,2,1,7
1306,9,-1,4,-1,2,1,7
1307,1,-1,1,1,3,1,7
1308,2,-1,2,1,3,1,7
1309,3,-1,3,1,3,1,7
1310,4,-1,4,1,3,1,7
1311,5,-1,5,1,3,1,7
1312,6,-1,6,1,3,1,7
1313,7,-1,7,1,3,1,7
1314,8,-1,8,1,3,1,7
1315,9,-1,9,1,3,1,7
1316,5,1,1,-1,3,1,7
1317,7,-1,1,-1,3,1,7
1318,4,1,2,-1,3,1,7
1319,8,-1,2,-1,3,1,7
1320,3,1,3,-1,3,1,7
1321,9,-1,3,-1,3,1,7
1322,2,1,4,-1,3,1,7
1323,1,1,5,-1,3,1,7
1324,1,-1,2,1,4,1,7
1325,2,-1,3,1,4,1,7
1326,3,-1,4,1,4,1,7
1327,4,-1,5,1,4,1,7
1328,5,-1,6,1,4,1,7
1329,6,-1,7,1,4,1,7
1330,7,-1,8,1,4,1,7
1331,8,-1,9,1,4,1,7
1332,6,1,1,-1,4,1,7
1333,8,-1,1,-1,4,1,7
1334,5,1,2,-1,4,1,7
1335,9,-1,2,-1,4,1,7
1336,4,1,3,-1,4,1,7
1337,3,1,4,-1,4,1,7
1338,2,1,5,-1,4,1,7
1339,1,1,6,-1,4,1,7
1340,1,-1,3,1,5,1,7
1341,2,-1,4,1,5,1,7
1342,3,-1,5,1,5,1,7
1343,4,-1,6,1,5,1,7
1344,5,-1,7,1,5,1,7
1345,6,-1,8,1,5,1,7
1346,7,-1,9,1,5,1,7
1347,7,1,1,-1,5,1,7
1348,9,-1,1,-1,5,1,7
1349,6,1,2,-1,5,1,7
1350,5,1,3,-1,5,1,7
1351,4,1,4,-1,5,1,7
1352,3,1,5,-1,5,1,7
1353,2,1,6,-1,5,1,7
1354,1,1,7,-1,5,1,7
1355,1,-1,4,1,6,1,7
1356,2,-1,5,1,6,1,7
1357,3,-1,6,1,6,1,7
1358,4,-1,7,1,6,1,7
1359,5,-1,8,1,6,1,7
1360,6,-1,9,1,6,1,7
1361,8,1,1,-1,6,1,7
1362,7,1,2,-1,6,1,7
1363,6,1,3,-1,6,1,7
1364,5,1,4,-1,6,1,7
1365,4,1,5,-1,6,1,7
1366,3,1,6,-1,6,1,7
1367,2,1,7,-1,6,1,7
1368,1,1,8,-1,6,1,7
1369,1,-1,5,1,7,1,7
1370,2,-1,6,1,7,1,7
1371,3,-1,7,1,7,1,7
1372,4,-1,8,1,7,1,7
1373,5,-1,9,1,7,1,7
1374,9,1,1,-1,7,1,7
1375,8,1,2,-1,7,1,7
1376,7,1,3,-1,7,1,7
1377,6,1,4,-1,7,1,7
1378,5,1,5,-1,7,1,7
1379,4,1,6,-1,7,1,7
1380,3,1,7,-1,7,1,7
1381,2,1,8,-1,7,1,7
1382,1,1,9,-1,7,1,7
1383,1,-1,6,1,8,1,7
1384,2,-1,7,1,8,1,7
1385,3,-1,8,1,8,1,7
1386,4,-1,9,1,8,1,7
1387,9,1,2,-1,8,1,7
1388,8,1,3,-1,8,1,7
1389,7,1,4,-1,8,1,7
1390,6,1,5,-1,8,1,7
1391,5,1,6,-1,8,1,7
1392,4,1,7,-1,8,1,7
1393,3,1,8,-1,8,1,7
1394,2,1,9,-1,8,1,7
1395,1,-1,7,1,9,1,7
1396,2,-1,8,1,9,1,7
1397,3,-1,9,1,9,1,7
1398,9,1,3,-1,9,1,7
1399,8,1,4,-1,9,1,7
1400,7,1,5,-1,9,1,7
1401,6,1,6,-1,9,1,7
1402,5,1,7,-1,9,1,7
1403,4,1,8,-1,9,1,7
1404,3,1,9,-1,9,1,7
1405,9,1,7,1,1,-1,7
1406,8,1,8,1,1,-1,7
1407,7,1,9,1,1,-1,7
1408,9,1,9,-1,1,-1,7
1409,9,1,6,1,2,-1,7
1410,8,1,7,1,2,-1,7
1411,7,1,8,1,2,-1,7
1412,6,1,9,1,2,-1,7
1413,9,1,5,1,3,-1,7
1414,8,1,6,1,3,-1,7
1415,7,1,7,1,3,-1,7
1416,6,1,8,1,3,-1,7
1417,5,1,9,1,3,-1,7
1418,9,1,4,1,4,-1,7
1419,8,1,5,1,4,-1,7
1420,7,1,6,1,4,-1,7
1421,6,1,7,1,4,-1,7
1422,5,1,8,1,4,-1,7
1423,4,1,9,1,4,-1,7
1424,9,1,3,1,5,-1,7
1425,8,1,4,1,5,-1,7
1426,7,1,5,1,5,-1,7
1427,6,1,6,1,5,-1,7
1428,5,1,7,1,5,-1,7
1429,4,1,8,1,5,-1,7
1430,3,1,9,1,5,-1,7
1431,9,1,2,1,6,-1,7
1432,8,1,3,1,6,-1,7
1433,7,1,4,1,6,-1,7
1434,6,1,5,1,6,-1,7
1435,5,1,6,1,6,-1,7
1436,4,1,7,1,6,-1,7
1437,3,1,8,1,6,-1,7
1438,2,1,9,1,6,-1,7
1439,9,1,1,1,7,-1,7
1440,8,1,2,1,7,-1,7
1441,7,1,3,1,7,-1,7
1442,6,1,4,1,7,-1,7
1443,5,1,5,1,7,-1,7
1444,4,1,6,1,7,-1,7
1445,3,1,7,1,7,-1,7
1446,2,1,8,1,7,-1,7
1447,1,1,9,1,7,-1,7
1448,8,1,1,1,8,-1,7
1449,7,1,2,1,8,-1,7
1450,6,1,3,1,8,-1,7
1451,5,1,4,1,8,-1,7
1452,4,1,5,1,8,-1,7
1453,3,1,6,1,8,-1,7
1454,2,1,7,1,8,-1,7
1455,1,1,8,1,8,-1,7
1456,7,1,1,1,9,-1,7
1457,9,-1,1,1,9,-1,7
1458,6,1,2,1,9,-1,7
1459,5,1,3,1,9,-1,7
1460,4,1,4,1,9,-1,7
1461,3,1,5,1,9,-1,7
1462,2,1,6,1,9,-1,7
1463,1,1,7,1,9,-1,7
1464,2,-1,1,1,1,1,8
1465,3,-1,2,1,1,1,8
1466,4,-1,3,1,1,1,8
1467,5,-1,4,1,1,1,8
1468,6,-1,5,1,1,1,8
1469,7,-1,6,1,1,1,8
1470,8,-1,7,1,1,1,8
1471,9,-1,8,1,1,1,8
1472,2,1,1,-1,1,1,8
1473,4,-1,1,-1,1,1,8
1474,1,1,2,-1,1,1,8
1475,5,-1,2,-1,1,1,8
1476,6,-1,3,-1,1,1,8
1477,7,-1,4,-1,1,1,8
1478,8,-1,5,-1,1,1,8
1479,9,-1,6,-1,1,1,8
1480,1,-1,1,1,2,1,8
1481,2,-1,2,1,2,1,8
1482,3,-1,3,1,2,1,8
1483,4,-1,4,1,2,1,8
1484,5,-1,5,1,2,1,8
1485,6,-1,6,1,2,1,8
1486,7,-1,7,1,2,1,8
1487,8,-1,8,1,2,1,8
1488,9,-1,9,1,2,1,8
1489,3,1,1,-1,2,1,8
1490,5,-1,1,-1,2,1,8
1491,2,1,2,-1,2,1,8
1492,6,-1,2,-1,2,1,8
1493,1,1,3,-1,2,1,8
1494,7,-1,3,-1,2,1,8
1495,8,-1,4,-1,2,1,8
1496,9,-1,5,-1,2,1,8
1497,1,-1,2,1,3,1,8
1498,2,-1,3,1,3,1,8
1499,3,-1,4,1,3,1,8
1500,4,-1,5,1,3,1,8
1501,5,-1,6,1,3,1,8
1502,6,-1,7,1,3,1,8
1503,7,-1,8,1,3,1,8
1504,8,-1,9,1,3,1,8
1505,4,1,1,-1,3,1,8
1506,6,-1,1,-1,3,1,8
1507,3,1,2,-1,3,1,8
1508,7,-1,2,-1,3,1,8
1509,2,1,3,-1,3,1,8
1510,8,-1,3,-1,3,1,8
1511,1,1,4,-1,3,1,8
1512,9,-1,4,-1,3,1,8
1513,1,-1,3,1,4,1,8
1514,2,-1,4,1,4,1,8
1515,3,-1,5,1,4,1,8
1516,4,-1,6,1,4,1,8
1517,5,-1,7,1,4,1,8
1518,6,-1,8,1,4,1,8
1519,7,-1,9,1,4,1,8
1520,5,1,1,-1,4,1,8
1521,7,-1,1,-1,4,1,8
1522,4,1,2,-1,4,1,8
1523,8,-1,2,-1,4,1,8
1524,3,1,3,-1,4,1,8
1525,9,-1,3,-1,4,1,8
1526,2,1,4,-1,4,1,8
1527,1,1,5,-1,4,1,8
1528,1,-1,4,1,5,1,8
1529,2,-1,5,1,5,1,8
1530,3,-1,6,1,5,1,8
1531,4,-1,7,1,5,1,8
1532,5,-1,8,1,5,1,8
1533,6,-1,9,1,5,1,8
1534,6,1,1,-1,5,1,8
1535,8,-1,1,-1,5,1,8
1536,5,1,2,-1,5,1,8
1537,9,-1,2,-1,5,1,8
1538,4,1,3,-1,5,1,8
1539,3,1,4,-1,5,1,8
1540,2,1,5,-1,5,1,8
1541,1,1,6,-1,5,1,8
1542,1,-1,5,1,6,1,8
1543,2,-1,6,1,6,1,8
1544,3,-1,7,1,6,1,8
1545,4,-1,8,1,6,1,8
1546,5,-1,9,1,6,1,8
1547,7,1,1,-1,6,1,8
1548,9,-1,1,-1,6,1,8
1549,6,1,2,-1,6,1,8
1550,5,1,3,-1,6,1,8
1551,4,1,4,-1,6,1,8
1552,3,1,5,-1,6,1,8
1553,2,1,6,-1,6,1,8
1554,1,1,7,-1,6,1,8
1555,1,-1,6,1,7,1,8
1556,2,-1,7,1,7,1,8
1557,3,-1,8,1,7,1,8
1558,4,-1,9,1,7,1,8
1559,8,1,1,-1,7,1,8
1560,7,1,2,-1,7,1,8
1561,6,1,3,-1,7,1,8
1562,5,1,4,-1,7,1,8
1563,4,1,5,-1,7,1,8
1564,3,1,6,-1,7,1,8
1565,2,1,7,-1,7,1,8
1566,1,1,8,-1,7,1,8
1567,1,-1,7,1,8,1,8
1568,2,-1,8,1,8,1,8
1569,3,-1,9,1,8,1,8
1570,9,1,1,-1,8,1,8
1571,8,1,2,-1,8,1,8
1572,7,1,3,-1,8,1,8
1573,6,1,4,-1,8,1,8
1574,5,1,5,-1,8,1,8
1575,4,1,6,-1,8,1,8
1576,3,1,7,-1,8,1,8
1577,2,1,8,-1,8,1,8
1578,1,1,9,-1,8,1,8
1579,1,-1,8,1,9,1,8
1580,2,-1,9,1,9,1,8
1581,9,1,2,-1,9,1,8
1582,8,1,3,-1,9,1,8
1583,7,1,4,-1,9,1,8
1584,6,1,5,-1,9,1,8
1585,5,1,6,-1,9,1,8
1586,4,1,7,-1,9,1,8
1587,3,1,8,-1,9,1,8
1588,2,1,9,-1,9,1,8
1589,9,1,8,1,1,-1,8
1590,8,1,9,1,1,-1,8
1591,9,1,7,1,2,-1,8
1592,8,1,8,1,2,-1,8
1593,7,1,9,1,2,-1,8
1594,9,1,6,1,3,-1,8
1595,8,1,7,1,3,-1,8
1596,7,1,8,1,3,-1,8
1597,6,1,9,1,3,-1,8
1598,9,1,5,1,4,-1,8
1599,8,1,6,1,4,-1,8
1600,7,1,7,1,4,-1,8
1601,6,1,8,1,4,-1,8
1602,5,1,9,1,4,-1,8
1603,9,1,4,1,5,-1,8
1604,8,1,5,1,5,-1,8
1605,7,1,6,1,5,-1,8
1606,6,1,7,1,5,-1,8
1607,5,1,8,1,5,-1,8
1608,4,1,9,1,5,-1,8
1609,9,1,3,1,6,-1,8
1610,8,1,4,1,6,-1,8
1611,7,1,5,1,6,-1,8
1612,6,1,6,1,6,-1,8
1613,5,1,7,1,6,-1,8
1614,4,1,8,1,6,-1,8
1615,3,1,9,1,6,-1,8
1616,9,1,2,1,7,-1,8
1617,8,1,3,1,7,-1,8
1618,7,1,4,1,7,-1,8
1619,6,1,5,1,7,-1,8
1620,5,1,6,1,7,-1,8
1621,4,1,7,1,7,-1,8
1622,3,1,8,1,7,-1,8
1623,2,1,9,1,7,-1,8
1624,9,1,1,1,8,-1,8
1625,8,1,2,1,8,-1,8
1626,7,1,3,1,8,-1,8
1627,6,1,4,1,8,-1,8
1628,5,1,5,1,8,-1,8
1629,4,1,6,1,8,-1,8
1630,3,1,7,1,8,-1,8
1631,2,1,8,1,8,-1,8
1632,1,1,9,1,8,-1,8
1633,8,1,1,1,9,-1,8
1634,7,1,2,1,9,-1,8
1635,6,1,3,1,9,-1,8
1636,5,1,4,1,9,-1,8
1637,4,1,5,1,9,-1,8
1638,3,1,6,1,9,-1,8
1639,2,1,7,1,9,-1,8
1640,1,1,8,1,9,-1,8
1641,1,-1,1,1,1,1,9
1642,2,-1,2,1,1,1,9
1643,3,-1,3,1,1,1,9
1644,4,-1,4,1,1,1,9
1645,5,-1,5,1,1,1,9
1646,6,-1,6,1,1,1,9
1647,7,-1,7,1,1,1,9
1648,8,-1,8,1,1,1,9
1649,9,-1,9,1,1,1,9
1650,1,1,1,-1,1,1,9
1651,3,-1,1,-1,1,1,9
1652,4,-1,2,-1,1,1,9
1653,5,-1,3,-1,1,1,9
1654,6,-1,4,-1,1,1,9
1655,7,-1,5,-1,1,1,9
1656,8,-1,6,-1,1,1,9
1657,9,-1,7,-1,1,1,9
1658,1,-1,2,1,2,1,9
1659,2,-1,3,1,2,1,9
1660,3,-1,4,1,2,1,9
1661,4,-1,5,1,2,1,9
1662,5,-1,6,1,2,1,9
1663,6,-1,7,1,2,1,9
1664,7,-1,8,1,2,1,9
1665,8,-1,9,1,2,1,9
1666,2,1,1,-1,2,1,9
1667,4,-1,1,-1,2,1,9
1668,1,1,2,-1,2,1,9
1669,5,-1,2,-1,2,1,9
1670,6,-1,3,-1,2,1,9
1671,7,-1,4,-1,2,1,9
1672,8,-1,5,-1,2,1,9
1673,9,-1,6,-1,2,1,9
1674,1,-1,3,1,3,1,9
1675,2,-1,4,1,3,1,9
1676,3,-1,5,1,3,1,9
1677,4,-1,6,1,3,1,9
1678,5,-1,7,1,3,1,9
1679,6,-1,8,1,3,1,9
1680,7,-1,9,1,3,1,9
1681,3,1,1,-1,3,1,9
1682,5,-1,1,-1,3,1,9
1683,2,1,2,-1,3,1,9
1684,6,-1,2,-1,3,1,9
1685,1,1,3,-1,3,1,9
1686,7,-1,3,-1,3,1,9
1687,8,-1,4,-1,3,1,9
1688,9,-1,5,-1,3,1,9
1689,1,-1,4,1,4,1,9
1690,2,-1,5,1,4,1,9
1691,3,-1,6,1,4,1,9
1692,4,-1,7,1,4,1,9
1693,5,-1,8,1,4,1,9
1694,6,-1,9,1,4,1,9
1695,4,1,1,-1,4,1,9
1696,6,-1,1,-1,4,1,9
1697,3,1,2,-1,4,1,9
1698,7,-1,2,-1,4,1,9
1699,2,1,3,-1,4,1,9
1700,8,-1,3,-1,4,1,9
1701,1,1,4,-1,4,1,9
1702,9,-1,4,-1,4,1,9
1703,1,-1,5,1,5,1,9
1704,2,-1,6,1,5,1,9
1705,3,-1,7,1,5,1,9
1706,4,-1,8,1,5,1,9
1707,5,-1,9,1,5,1,9
1708,5,1,1,-1,5,1,9
1709,7,-1,1,-1,5,1,9
1710,4,1,2,-1,5,1,9
1711,8,-1,2,-1,5,1,9
1712,3,1,3,-1,5,1,9
1713,9,-1,3,-1,5,1,9
1714,2,1,4,-1,5,1,9
1715,1,1,5,-1,5,1,9
1716,1,-1,6,1,6,1,9
1717,2,-1,7,1,6,1,9
1718,3,-1,8,1,6,1,9
1719,4,-1,9,1,6,1,9
1720,6,1,1,-1,6,1,9
1721,8,-1,1,-1,6,1,9
1722,5,1,2,-1,6,1,9
1723,9,-1,2,-1,6,1,9
1724,4,1,3,-1,6,1,9
1725,3,1,4,-1,6,1,9
1726,2,1,5,-1,6,1,9
1727,1,1,6,-1,6,1,9
1728,1,-1,7,1,7,1,9
1729,2,-1,8,1,7,1,9
1730,3,-1,9,1,7,1,9
1731,7,1,1,-1,7,1,9
1732,9,-1,1,-1,7,1,9
1733,6,1,2,-1,7,1,9
1734,5,1,3,-1,7,1,9
1735,4,1,4,-1,7,1,9
1736,3,1,5,-1,7,1,9
1737,2,1,6,-1,7,1,9
1738,1,1,7,-1,7,1,9
1739,1,-1,8,1,8,1,9
1740,2,-1,9,1,8,1,9
1741,8,1,1,-1,8,1,9
1742,7,1,2,-1,8,1,9
1743,6,1,3,-1,8,1,9
1744,5,1,4,-1,8,1,9
1745,4,1,5,-1,8,1,9
1746,3,1,6,-1,8,1,9
1747,2,1,7,-1,8,1,9
1748,1,1,8,-1,8,1,9
1749,1,-1,9,1,9,1,9
1750,9,1,1,-1,9,1,9
1751,8,1,2,-1,9,1,9
1752,7,1,3,-1,9,1,9
1753,6,1,4,-1,9,1,9
1754,5,1,5,-1,9,1,9
1755,4,1,6,-1,9,1,9
1756,3,1,7,-1,9,1,9
1757,2,1,8,-1,9,1,9
1758,1,1,9,-1,9,1,9
1759,9,1,9,1,1,-1,9
1760,9,1,8,1,2,-1,9
1761,8,1,9,1,2,-1,9
1762,9,1,7,1,3,-1,9
1763,8,1,8,1,3,-1,9
1764,7,1,9,1,3,-1,9
1765,9,1,6,1,4,-1,9
1766,8,1,7,1,4,-1,9
1767,7,1,8,1,4,-1,9
1768,6,1,9,1,4,-1,9
1769,9,1,5,1,5,-1,9
1770,8,1,6,1,5,-1,9
1771,7,1,7,1,5,-1,9
1772,6,1,8,1,5,-1,9
1773,5,1,9,1,5,-1,9
1774,9,1,4,1,6,-1,9
1775,8,1,5,1,6,-1,9
1776,7,1,6,1,6,-1,9
1777,6,1,7,1,6,-1,9
1778,5,1,8,1,6,-1,9
1779,4,1,9,1,6,-1,9
1780,9,1,3,1,7,-1,9
1781,8,1,4,1,7,-1,9
1782,7,1,5,1,7,-1,9
1783,6,1,6,1,7,-1,9
1784,5,1,7,1,7,-1,9
1785,4,1,8,1,7,-1,9
1786,3,1,9,1,7,-1,9
1787,9,1,2,1,8,-1,9
1788,8,1,3,1,8,-1,9
1789,7,1,4,1,8,-1,9
1790,6,1,5,1,8,-1,9
1791,5,1,6,1,8,-1,9
1792,4,1,7,1,8,-1,9
1793,3,1,8,1,8,-1,9
1794,2,1,9,1,8,-1,9
1795,9,1,1,1,9,-1,9
1796,8,1,2,1,9,-1,9
1797,7,1,3,1,9,-1,9
1798,6,1,4,1,9,-1,9
1799,5,1,5,1,9,-1,9
1800,4,1,6,1,9,-1,9
1801,3,1,7,1,9,-1,9
1802,2,1,8,1,9,-1,9
1803,1,1,9,1,9,-1,9